E859 aquarium 542.000000 244.000000 8 584.000000 0
E54 aquarium 470.000000 300.000000 6 5000.000000 0
E22 aquarium 244.000000 254.000000 8 2104.000000 0
E89 aquarium 542.000000 244.000000 8 584.000000 0
E514 aquarium 470.000000 300.000000 6 5000.000000 0
E527 aquarium 415.000000 254.000000 2 254.000000 0
E224 aquarium 244.000000 254.000000 8 2104.000000 0
E544 aquarium 470.000000 300.000000 6 5000.000000 0
E527 aquarium 415.000000 254.000000 2 254.000000 0
E252 aquarium 244.000000 254.000000 8 2104.000000 0
