E01 cage 20.000000 21.000000 4 2000.000000 0
E02 cage 254.000000 100.000000 3 5412.000000 0
E108 voiliere 254.000000 14.300000 4 241.000000 0
E28 voiliere 142.000000 254.000000 3 574.000000 0
E54 aquarium 470.000000 300.000000 6 5000.000000 0
E57 aquarium 415.000000 254.000000 2 254.000000 1
E22 aquarium 244.000000 254.000000 8 2104.000000 0
E200 insectarium 40.000000 30.000000 10 241.500000 0
E300 insectarium 20.000000 40.000000 5 200.000000 0
E89 aquarium 542.000000 244.000000 8 584.000000 0
E107 voiliere 254.000000 14.300000 4 241.000000 1
E27 voiliere 142.000000 254.000000 3 574.000000 1
E514 aquarium 470.000000 300.000000 6 5000.000000 0
E527 aquarium 415.000000 254.000000 2 254.000000 0
E224 aquarium 244.000000 254.000000 8 2104.000000 0
E2020 insectarium 40.000000 30.000000 10 241.500000 0
E3040 insectarium 20.000000 40.000000 5 200.000000 0
E849 aquarium 542.000000 244.000000 8 584.000000 1
E011 cage 20.000000 21.000000 4 2000.000000 0
E023 cage 254.000000 100.000000 3 5412.000000 0
E1028 voiliere 254.000000 14.300000 4 241.000000 0
E228 voiliere 142.000000 254.000000 3 574.000000 0
E544 aquarium 470.000000 300.000000 6 5000.000000 0
E527 aquarium 415.000000 254.000000 2 254.000000 0
E252 aquarium 244.000000 254.000000 8 2104.000000 0
E2050 insectarium 40.000000 30.000000 10 241.500000 0
E3070 insectarium 20.000000 40.000000 5 200.000000 0
E859 aquarium 542.000000 244.000000 8 584.000000 0
E1058 voiliere 254.000000 14.300000 4 241.000000 1

E2009 cage 1148993536.000000 1123024896.000000 12 1128792064.000000 1
